20 46
2 2 2 2 2 2 2 2 2 2 2 2 2 2 2 2 2 2 2 2 2 2 2 2 2 2 2 2 2 2 2 2 2 2 2 2 2 2 2 2 2 2 2 2 2 2 
2 0 0 0 0 0 0 0 0 0 0 0 0 0 0 0 2 0 0 0 0 0 0 0 0 0 0 0 0 0 0 0 0 0 0 0 0 0 0 0 0 0 0 0 0 2 
2 0 0 2 2 2 2 2 2 2 2 2 2 0 0 2 2 2 2 2 2 2 2 2 2 2 2 2 0 0 2 2 2 2 2 2 2 0 0 2 2 2 2 0 0 2 
2 0 0 0 0 0 0 0 0 0 0 0 2 0 0 0 0 0 0 0 0 0 0 0 0 0 0 0 0 0 2 0 0 0 0 0 0 0 0 2 0 0 0 0 0 2 
2 0 0 2 2 2 2 2 2 2 0 0 2 2 2 2 2 2 2 2 2 2 2 2 2 0 0 2 2 2 2 2 2 2 2 2 2 2 2 2 2 2 2 2 2 2 
2 0 0 2 0 0 0 0 0 2 0 0 2 0 0 0 0 0 0 0 0 0 0 0 2 0 0 2 0 0 0 0 0 0 0 0 0 0 0 0 0 0 0 0 0 2 
2 0 0 2 0 0 2 0 0 2 0 0 2 0 0 2 0 0 2 2 2 2 0 0 2 0 0 2 0 0 2 2 2 2 2 2 2 2 2 2 2 2 2 0 0 2 
2 0 0 2 0 0 2 0 0 2 0 0 2 0 0 2 0 0 2 0 0 0 0 0 2 0 0 2 0 0 2 0 0 2 0 0 0 0 0 0 0 0 2 0 0 2 
2 0 0 2 0 0 2 2 2 2 0 0 2 0 0 2 2 2 2 2 2 2 2 2 2 0 0 2 0 0 2 0 0 2 2 2 2 0 0 2 0 0 2 0 0 2 
2 0 0 2 0 0 0 0 0 2 0 0 2 0 0 0 0 0 0 0 0 0 0 0 0 0 0 2 0 0 0 0 0 0 0 0 0 0 0 2 0 0 2 0 0 2 
2 0 0 2 2 2 2 0 0 2 0 0 2 2 2 2 2 2 2 2 2 2 2 2 2 2 2 2 0 0 2 2 2 2 2 2 2 2 2 2 2 2 2 0 0 2 
2 0 0 0 0 0 2 0 0 2 0 0 0 0 0 0 0 0 0 0 0 0 0 0 0 0 0 0 0 0 2 0 0 0 0 0 0 0 0 0 0 0 0 0 0 2 
2 2 2 2 0 0 2 0 0 2 2 2 2 2 2 2 2 2 2 2 2 2 2 2 2 2 2 2 2 2 2 0 0 2 2 2 2 2 2 2 2 2 2 0 0 2 
2 0 0 2 0 0 2 0 0 0 0 0 0 0 0 0 0 0 0 0 0 0 0 0 0 0 0 2 0 0 0 0 0 2 0 0 0 0 0 2 0 0 2 0 0 2 
2 0 0 2 0 0 2 2 2 2 0 0 2 2 2 2 2 2 2 2 2 2 2 2 2 0 0 2 0 0 2 2 2 2 0 0 2 0 0 2 0 0 2 0 0 2 
2 0 0 2 0 0 2 0 0 0 0 0 2 0 0 0 0 0 2 0 0 0 0 0 2 0 0 2 0 0 2 0 0 0 0 0 2 0 0 0 0 0 2 0 0 2 
2 0 0 2 0 0 2 0 0 2 2 2 2 2 2 2 0 0 2 2 2 2 0 0 2 0 0 2 0 0 2 0 0 2 2 2 2 2 2 2 2 2 2 0 0 2 
2 0 0 0 0 0 0 0 0 0 0 0 0 0 0 0 0 0 0 0 0 0 0 0 2 0 0 2 0 0 2 0 0 0 0 0 0 0 0 0 0 0 0 0 0 2 
2 2 2 2 0 0 2 0 0 2 0 0 2 2 2 2 2 2 2 2 2 2 0 0 2 0 0 2 0 0 2 0 0 2 2 2 2 2 2 2 2 2 2 2 2 2 
2 2 2 2 2 2 2 2 2 2 2 2 2 2 2 2 2 2 2 2 2 2 2 0 2 2 2 2 2 2 2 2 2 2 2 2 2 2 2 2 2 2 2 2 2 2 
1 1 19 23
19 23 1 1
18 25 1 1
18 28 11 23
0 0 0 0
